BEGIN_UUT
TimeStamp = 2021-06-15T11:10:35.7718682
ReportType = 18
Image:
PixelType = Signed16Bit
Dmax = 36
Smax = 16
10,	16,	25,	28,	26,	34,	117,	130,	125,	151,	150,	101,	37,	22,	26,	59,	
16,	24,	24,	21,	17,	20,	61,	141,	141,	151,	154,	140,	105,	76,	58,	85,	
25,	24,	18,	15,	13,	14,	27,	93,	146,	149,	153,	150,	150,	146,	88,	60,	
22,	16,	11,	10,	9,	11,	15,	28,	88,	141,	144,	143,	152,	147,	102,	21,	
17,	13,	11,	7,	8,	8,	11,	13,	28,	108,	148,	144,	149,	145,	126,	60,	
12,	8,	6,	5,	6,	7,	8,	11,	16,	51,	135,	141,	146,	144,	137,	80,	
12,	6,	5,	5,	6,	7,	8,	10,	13,	23,	67,	136,	145,	139,	136,	81,	
10,	6,	8,	7,	7,	7,	8,	7,	13,	22,	50,	120,	143,	142,	140,	78,	
11,	9,	7,	9,	9,	10,	9,	10,	11,	25,	99,	134,	146,	149,	146,	87,	
28,	20,	15,	14,	13,	15,	15,	15,	13,	23,	102,	138,	146,	152,	148,	114,	
122,	102,	58,	31,	28,	31,	50,	61,	40,	24,	60,	137,	148,	150,	150,	135,	
148,	151,	145,	85,	43,	39,	78,	123,	90,	40,	33,	82,	114,	122,	110,	81,	
154,	157,	153,	131,	62,	29,	43,	47,	28,	25,	19,	22,	29,	28,	23,	14,	
156,	157,	158,	147,	92,	24,	21,	19,	12,	11,	10,	9,	9,	8,	6,	6,	
161,	161,	161,	155,	124,	21,	12,	9,	6,	6,	5,	5,	3,	5,	3,	1,	
158,	161,	161,	153,	112,	20,	7,	5,	3,	2,	4,	4,	3,	3,	2,	2,	
158,	158,	155,	134,	55,	11,	4,	2,	2,	2,	2,	3,	3,	3,	2,	2,	
132,	104,	86,	50,	20,	8,	3,	6,	3,	2,	3,	4,	3,	3,	3,	1,	
32,	25,	20,	17,	11,	4,	4,	3,	4,	4,	3,	3,	4,	3,	2,	2,	
8,	8,	10,	9,	6,	3,	3,	3,	5,	4,	4,	6,	5,	3,	4,	4,	
5,	6,	5,	5,	4,	1,	3,	2,	3,	4,	4,	5,	6,	6,	5,	3,	
5,	2,	3,	2,	2,	2,	2,	3,	4,	3,	3,	3,	5,	5,	4,	5,	
3,	3,	2,	1,	1,	1,	1,	0,	1,	3,	3,	3,	3,	4,	4,	4,	
2,	3,	2,	2,	0,	-1,	2,	1,	2,	0,	2,	3,	2,	3,	4,	3,	
0,	3,	1,	0,	2,	-2,	1,	2,	1,	1,	1,	1,	3,	1,	1,	3,	
2,	1,	2,	1,	0,	0,	-1,	2,	1,	0,	1,	1,	2,	2,	3,	2,	
2,	2,	2,	2,	1,	0,	0,	0,	1,	1,	1,	1,	2,	3,	3,	2,	
3,	1,	1,	2,	0,	1,	0,	1,	0,	0,	0,	1,	2,	1,	3,	2,	
2,	1,	2,	1,	-1,	-2,	-1,	1,	0,	0,	1,	1,	1,	1,	2,	1,	
2,	2,	0,	0,	0,	0,	0,	1,	1,	0,	1,	1,	2,	2,	3,	0,	
-1,	1,	1,	1,	-1,	0,	1,	0,	1,	1,	1,	0,	2,	3,	1,	2,	
2,	1,	2,	2,	0,	3,	1,	1,	0,	0,	1,	2,	2,	1,	1,	0,	
2,	2,	0,	0,	1,	0,	1,	0,	2,	1,	2,	1,	3,	3,	2,	1,	
2,	1,	2,	1,	-1,	0,	1,	0,	1,	0,	1,	1,	2,	2,	0,	1,	
2,	0,	1,	1,	0,	0,	0,	0,	1,	1,	1,	1,	1,	-1,	3,	1,	
0,	3,	1,	0,	1,	0,	-1,	1,	1,	2,	1,	2,	2,	1,	2,	0
Min:	-2	Max:	161	Average:	31.141
END_UUT
BEGIN_UUT
TimeStamp = 2021-06-15T11:10:35.8107662
ReportType = 18
Image:
PixelType = Signed16Bit
Dmax = 36
Smax = 16
10,	16,	25,	29,	27,	34,	116,	128,	124,	151,	150,	101,	37,	22,	27,	61,	
15,	25,	25,	23,	18,	21,	62,	141,	143,	151,	155,	141,	106,	78,	60,	87,	
25,	24,	18,	15,	12,	15,	27,	93,	146,	149,	155,	149,	150,	146,	89,	61,	
23,	16,	12,	11,	9,	12,	13,	27,	88,	141,	144,	144,	152,	146,	103,	21,	
17,	12,	10,	7,	9,	8,	9,	13,	29,	109,	147,	143,	149,	145,	126,	62,	
13,	8,	8,	6,	8,	6,	7,	10,	16,	51,	135,	141,	147,	144,	136,	81,	
11,	8,	6,	6,	8,	6,	7,	10,	14,	25,	69,	136,	146,	138,	137,	84,	
10,	8,	8,	7,	8,	8,	9,	8,	13,	22,	52,	123,	144,	143,	140,	79,	
12,	10,	9,	8,	9,	9,	9,	10,	10,	26,	103,	135,	146,	148,	146,	89,	
29,	21,	16,	15,	14,	15,	14,	16,	13,	24,	105,	138,	146,	152,	149,	114,	
122,	103,	60,	32,	28,	31,	51,	61,	41,	25,	61,	137,	149,	149,	150,	137,	
149,	151,	145,	87,	43,	40,	78,	123,	92,	41,	34,	83,	116,	124,	113,	83,	
154,	158,	153,	133,	64,	31,	43,	48,	29,	25,	21,	23,	30,	29,	24,	14,	
156,	159,	158,	149,	91,	24,	22,	20,	13,	10,	9,	10,	9,	8,	7,	6,	
162,	162,	161,	156,	126,	24,	12,	10,	7,	5,	4,	4,	5,	5,	4,	3,	
158,	161,	162,	153,	113,	20,	8,	7,	4,	2,	4,	3,	4,	3,	4,	3,	
159,	157,	156,	136,	56,	11,	6,	3,	4,	3,	3,	3,	3,	3,	3,	2,	
134,	106,	89,	51,	22,	9,	3,	5,	4,	3,	3,	3,	2,	4,	5,	2,	
32,	25,	22,	16,	11,	6,	4,	4,	4,	4,	4,	4,	3,	3,	3,	2,	
8,	9,	9,	10,	6,	5,	3,	4,	4,	3,	5,	6,	4,	5,	4,	4,	
5,	6,	5,	4,	4,	2,	2,	3,	3,	5,	3,	6,	5,	7,	5,	4,	
3,	2,	2,	1,	2,	3,	3,	3,	4,	3,	3,	4,	6,	5,	3,	4,	
2,	2,	2,	1,	2,	1,	1,	1,	2,	3,	3,	2,	3,	4,	4,	5,	
2,	3,	2,	2,	1,	1,	1,	1,	1,	0,	1,	3,	1,	3,	3,	3,	
1,	3,	0,	1,	1,	-1,	0,	1,	2,	1,	3,	2,	2,	1,	3,	3,	
2,	0,	2,	2,	0,	0,	-1,	2,	2,	0,	2,	1,	2,	2,	3,	3,	
1,	2,	2,	2,	1,	0,	0,	-1,	1,	0,	1,	1,	1,	3,	1,	2,	
2,	2,	1,	1,	0,	0,	0,	0,	0,	1,	1,	1,	2,	1,	2,	2,	
3,	1,	2,	1,	0,	-1,	0,	0,	1,	2,	1,	1,	1,	1,	1,	1,	
3,	2,	1,	0,	2,	-1,	0,	0,	0,	1,	1,	1,	1,	1,	1,	1,	
-1,	1,	0,	0,	-1,	-1,	0,	0,	2,	2,	1,	0,	2,	1,	2,	2,	
2,	1,	0,	2,	-1,	2,	1,	1,	1,	0,	2,	2,	0,	1,	1,	0,	
1,	1,	0,	0,	0,	0,	1,	0,	1,	1,	2,	1,	1,	1,	2,	0,	
1,	1,	1,	0,	-1,	0,	0,	1,	1,	0,	1,	-1,	1,	2,	0,	1,	
1,	0,	0,	0,	0,	0,	-2,	0,	1,	0,	2,	1,	2,	1,	2,	2,	
0,	2,	1,	0,	1,	0,	-1,	1,	0,	2,	1,	2,	2,	1,	3,	0
Min:	-2	Max:	162	Average:	31.406
END_UUT
BEGIN_UUT
TimeStamp = 2021-06-15T11:10:35.8496605
ReportType = 18
Image:
PixelType = Signed16Bit
Dmax = 36
Smax = 16
9,	16,	24,	30,	26,	35,	118,	128,	123,	150,	149,	100,	36,	20,	26,	60,	
14,	25,	25,	21,	17,	20,	62,	141,	140,	150,	154,	140,	105,	76,	58,	85,	
26,	23,	18,	14,	13,	15,	27,	93,	145,	149,	153,	149,	150,	145,	87,	59,	
23,	16,	11,	10,	9,	11,	14,	27,	89,	141,	143,	142,	150,	145,	100,	21,	
17,	13,	11,	7,	8,	8,	9,	12,	28,	108,	147,	142,	147,	144,	124,	59,	
13,	8,	7,	6,	6,	6,	7,	11,	16,	51,	135,	141,	145,	144,	135,	80,	
10,	7,	7,	6,	8,	6,	7,	9,	14,	23,	68,	136,	147,	138,	136,	83,	
11,	8,	8,	8,	8,	7,	9,	9,	13,	23,	51,	121,	144,	142,	141,	78,	
12,	10,	9,	8,	8,	9,	9,	10,	12,	26,	101,	136,	146,	149,	146,	89,	
30,	20,	16,	15,	15,	14,	16,	16,	13,	23,	103,	140,	146,	153,	148,	114,	
124,	104,	60,	32,	28,	32,	52,	62,	41,	25,	60,	138,	149,	150,	150,	136,	
150,	152,	147,	88,	44,	40,	78,	123,	91,	41,	34,	82,	115,	124,	111,	83,	
155,	156,	154,	132,	63,	30,	43,	47,	29,	25,	20,	23,	30,	28,	23,	14,	
156,	158,	157,	148,	93,	24,	22,	20,	12,	10,	10,	10,	10,	8,	7,	5,	
161,	161,	161,	154,	125,	24,	12,	10,	7,	7,	4,	5,	4,	5,	3,	1,	
158,	160,	161,	152,	113,	21,	7,	7,	4,	3,	4,	3,	4,	3,	3,	2,	
160,	158,	156,	136,	57,	11,	6,	4,	5,	2,	3,	3,	4,	4,	4,	3,	
134,	106,	89,	51,	22,	9,	4,	5,	3,	3,	4,	4,	4,	4,	4,	2,	
35,	25,	21,	16,	12,	7,	5,	4,	4,	4,	5,	5,	4,	3,	4,	3,	
10,	9,	9,	9,	6,	5,	3,	4,	5,	4,	6,	7,	5,	4,	4,	3,	
6,	6,	5,	5,	5,	3,	4,	3,	4,	5,	6,	6,	6,	6,	5,	2,	
4,	3,	3,	2,	2,	3,	2,	2,	5,	3,	4,	4,	6,	6,	4,	4,	
3,	3,	2,	2,	3,	2,	1,	1,	3,	4,	3,	2,	3,	4,	4,	4,	
3,	3,	2,	2,	1,	1,	2,	2,	3,	1,	4,	3,	2,	3,	4,	3,	
0,	3,	1,	0,	1,	-1,	1,	1,	1,	1,	3,	1,	2,	1,	1,	2,	
1,	1,	1,	2,	0,	1,	-1,	1,	0,	1,	1,	1,	2,	1,	3,	3,	
1,	1,	1,	1,	1,	0,	1,	0,	1,	0,	0,	2,	1,	2,	1,	1,	
2,	1,	1,	0,	0,	0,	0,	1,	0,	0,	0,	1,	2,	0,	1,	1,	
2,	1,	1,	0,	0,	0,	-1,	1,	0,	2,	2,	1,	1,	1,	1,	0,	
2,	2,	0,	1,	2,	1,	0,	1,	0,	1,	2,	1,	1,	0,	2,	0,	
0,	1,	1,	0,	-1,	-1,	0,	0,	1,	1,	1,	0,	2,	2,	2,	1,	
0,	1,	1,	1,	-1,	2,	-1,	1,	1,	0,	2,	1,	0,	0,	2,	0,	
2,	1,	0,	0,	1,	-1,	0,	0,	1,	0,	1,	0,	2,	2,	2,	1,	
1,	1,	1,	1,	-1,	0,	1,	0,	2,	0,	1,	1,	1,	2,	-1,	2,	
3,	0,	1,	1,	0,	-1,	-2,	-1,	2,	1,	2,	1,	1,	0,	3,	1,	
1,	3,	2,	-1,	0,	-2,	-1,	-1,	1,	3,	1,	2,	3,	1,	2,	2
Min:	-2	Max:	161	Average:	31.340
END_UUT
BEGIN_UUT
TimeStamp = 2021-06-15T11:10:35.8975329
ReportType = 18
Image:
PixelType = Signed16Bit
Dmax = 36
Smax = 16
9,	16,	24,	28,	27,	34,	117,	128,	122,	150,	148,	100,	37,	20,	26,	60,	
14,	25,	24,	21,	17,	20,	60,	141,	141,	149,	153,	139,	105,	76,	59,	86,	
25,	24,	18,	13,	12,	13,	27,	92,	145,	149,	155,	149,	149,	145,	89,	60,	
23,	15,	11,	10,	9,	11,	12,	28,	88,	141,	143,	142,	150,	145,	101,	21,	
17,	12,	11,	8,	8,	8,	10,	12,	28,	109,	147,	142,	146,	143,	125,	59,	
13,	7,	8,	5,	6,	6,	7,	11,	16,	51,	135,	140,	145,	144,	135,	81,	
9,	7,	6,	6,	7,	6,	6,	9,	13,	23,	68,	136,	146,	138,	136,	84,	
9,	7,	8,	6,	8,	8,	8,	8,	13,	22,	51,	121,	143,	142,	139,	78,	
11,	9,	8,	8,	8,	10,	9,	9,	11,	26,	101,	134,	146,	147,	146,	89,	
29,	20,	15,	15,	14,	14,	14,	15,	13,	23,	103,	138,	146,	151,	148,	114,	
122,	104,	60,	32,	28,	32,	51,	62,	41,	23,	61,	137,	148,	149,	149,	135,	
148,	150,	145,	88,	43,	39,	78,	121,	92,	41,	34,	83,	115,	124,	112,	84,	
155,	156,	154,	132,	63,	31,	43,	48,	28,	24,	19,	22,	29,	28,	22,	14,	
155,	158,	157,	148,	92,	24,	22,	21,	12,	9,	8,	8,	9,	8,	7,	5,	
161,	160,	161,	155,	125,	24,	12,	10,	6,	5,	4,	5,	3,	4,	3,	2,	
158,	160,	161,	153,	112,	22,	6,	6,	3,	3,	3,	4,	4,	3,	2,	1,	
158,	157,	156,	136,	59,	12,	5,	3,	3,	2,	2,	3,	3,	2,	2,	1,	
133,	106,	90,	51,	23,	8,	3,	4,	3,	3,	3,	3,	1,	3,	3,	2,	
33,	25,	21,	17,	11,	5,	4,	4,	3,	4,	4,	4,	3,	3,	2,	2,	
7,	9,	10,	9,	6,	4,	2,	4,	5,	3,	5,	6,	5,	4,	4,	3,	
5,	6,	4,	4,	4,	2,	3,	2,	3,	4,	4,	4,	6,	6,	5,	3,	
4,	2,	2,	2,	1,	1,	2,	2,	4,	3,	4,	3,	5,	5,	4,	4,	
2,	2,	3,	1,	2,	2,	1,	1,	2,	3,	3,	3,	3,	2,	4,	4,	
2,	3,	1,	2,	0,	-1,	1,	1,	2,	0,	3,	2,	2,	2,	3,	3,	
2,	3,	1,	1,	0,	-1,	1,	2,	1,	1,	3,	1,	2,	1,	2,	2,	
1,	0,	2,	2,	0,	1,	-1,	2,	0,	0,	2,	1,	2,	1,	2,	2,	
-1,	1,	1,	2,	1,	1,	1,	0,	1,	1,	1,	2,	1,	2,	1,	2,	
1,	1,	1,	1,	-1,	0,	0,	1,	0,	1,	0,	0,	3,	1,	2,	3,	
2,	1,	2,	1,	1,	-1,	-1,	1,	1,	1,	0,	2,	1,	1,	2,	-1,	
2,	1,	0,	1,	1,	0,	0,	1,	1,	0,	2,	1,	1,	0,	1,	0,	
-1,	1,	1,	1,	1,	-1,	-1,	0,	0,	0,	0,	-1,	2,	1,	0,	1,	
2,	2,	1,	2,	-1,	2,	-1,	0,	1,	0,	1,	1,	0,	0,	1,	-1,	
2,	1,	-1,	0,	2,	-1,	-1,	-1,	-1,	0,	0,	0,	1,	1,	1,	0,	
1,	2,	3,	0,	-1,	-1,	-1,	0,	1,	0,	1,	0,	0,	2,	0,	2,	
1,	0,	1,	0,	0,	-1,	-1,	0,	1,	0,	0,	1,	1,	0,	2,	1,	
0,	3,	1,	-1,	0,	-1,	-1,	0,	0,	2,	0,	1,	1,	-1,	0,	0
Min:	-1	Max:	161	Average:	31.017
END_UUT
BEGIN_UUT
TimeStamp = 2021-06-15T11:10:35.9454040
ReportType = 18
Image:
PixelType = Signed16Bit
Dmax = 36
Smax = 16
10,	16,	25,	31,	28,	35,	118,	128,	123,	150,	148,	100,	38,	20,	25,	58,	
15,	25,	25,	22,	17,	21,	63,	141,	141,	150,	153,	140,	104,	75,	58,	85,	
26,	25,	18,	15,	13,	14,	27,	94,	146,	149,	153,	148,	148,	145,	88,	59,	
25,	17,	10,	11,	11,	11,	14,	28,	89,	141,	142,	141,	150,	145,	101,	21,	
17,	13,	11,	8,	9,	9,	10,	12,	29,	108,	147,	141,	146,	143,	124,	59,	
13,	9,	7,	5,	6,	7,	7,	11,	17,	51,	135,	139,	145,	143,	133,	79,	
10,	7,	5,	5,	7,	5,	6,	9,	13,	24,	67,	136,	146,	138,	136,	82,	
8,	7,	7,	6,	6,	8,	8,	8,	14,	23,	51,	122,	144,	142,	140,	78,	
10,	9,	8,	8,	8,	9,	9,	9,	11,	26,	101,	134,	146,	148,	146,	89,	
29,	20,	15,	14,	14,	15,	14,	14,	12,	25,	103,	137,	146,	152,	148,	114,	
123,	104,	60,	31,	29,	32,	52,	61,	40,	24,	60,	137,	148,	149,	151,	135,	
148,	150,	145,	88,	44,	41,	79,	121,	91,	40,	33,	82,	115,	122,	110,	82,	
153,	156,	153,	132,	64,	30,	42,	45,	30,	25,	20,	22,	29,	29,	22,	14,	
154,	157,	156,	148,	92,	23,	21,	20,	12,	10,	9,	9,	9,	8,	6,	5,	
161,	160,	159,	155,	124,	23,	11,	10,	7,	6,	5,	5,	3,	4,	4,	2,	
157,	160,	161,	152,	113,	21,	6,	6,	5,	3,	5,	3,	4,	3,	2,	2,	
158,	157,	154,	135,	58,	11,	5,	3,	4,	2,	3,	3,	2,	3,	3,	3,	
133,	106,	90,	51,	22,	9,	4,	6,	4,	3,	4,	4,	2,	4,	3,	2,	
33,	26,	21,	17,	11,	5,	3,	3,	3,	3,	3,	2,	4,	2,	3,	1,	
9,	9,	9,	9,	7,	4,	3,	4,	4,	3,	5,	5,	4,	4,	4,	2,	
6,	5,	5,	5,	4,	2,	2,	4,	3,	3,	2,	4,	5,	5,	5,	2,	
4,	3,	3,	2,	3,	1,	1,	3,	2,	3,	2,	2,	5,	4,	4,	3,	
3,	2,	3,	2,	1,	1,	1,	1,	2,	1,	2,	2,	2,	4,	3,	3,	
2,	2,	2,	3,	1,	0,	1,	1,	2,	0,	2,	2,	1,	3,	3,	3,	
2,	3,	1,	1,	2,	-1,	-1,	2,	0,	1,	2,	1,	2,	1,	2,	2,	
0,	2,	2,	2,	0,	1,	-1,	0,	0,	0,	1,	1,	2,	2,	2,	3,	
1,	1,	2,	2,	2,	1,	-1,	0,	1,	1,	1,	2,	1,	2,	1,	1,	
1,	1,	1,	2,	0,	0,	-1,	0,	0,	1,	-1,	1,	2,	1,	2,	1,	
2,	1,	1,	1,	-1,	-1,	-1,	1,	0,	1,	1,	1,	0,	1,	1,	1,	
2,	1,	1,	1,	1,	0,	0,	0,	0,	0,	1,	0,	0,	1,	2,	0,	
1,	1,	2,	1,	1,	0,	0,	-1,	0,	1,	0,	0,	1,	2,	1,	1,	
1,	2,	2,	2,	-1,	1,	0,	1,	2,	0,	1,	2,	0,	1,	2,	0,	
2,	2,	1,	1,	2,	-1,	1,	0,	1,	0,	1,	0,	2,	3,	2,	0,	
2,	2,	2,	0,	0,	-1,	0,	0,	2,	0,	2,	0,	1,	2,	0,	1,	
2,	1,	1,	1,	0,	0,	-1,	-1,	2,	0,	1,	2,	0,	-1,	2,	1,	
2,	2,	1,	1,	1,	0,	-1,	-1,	1,	1,	0,	2,	3,	2,	1,	0
Min:	-1	Max:	161	Average:	31.080
END_UUT
BEGIN_UUT
TimeStamp = 2021-06-15T11:10:35.9933133
ReportType = 18
Image:
PixelType = Signed16Bit
Dmax = 36
Smax = 16
10,	16,	25,	30,	28,	36,	119,	128,	122,	149,	148,	101,	36,	21,	26,	60,	
15,	25,	26,	22,	18,	20,	62,	141,	141,	149,	153,	139,	105,	76,	59,	86,	
26,	24,	18,	15,	12,	14,	27,	93,	145,	149,	153,	148,	150,	145,	88,	60,	
24,	15,	11,	9,	10,	10,	13,	27,	88,	141,	142,	142,	150,	147,	102,	21,	
17,	12,	10,	7,	8,	7,	9,	11,	28,	108,	146,	142,	147,	143,	124,	61,	
13,	8,	7,	6,	7,	6,	8,	10,	16,	51,	135,	140,	145,	144,	136,	80,	
9,	7,	5,	5,	8,	6,	7,	9,	14,	24,	69,	136,	145,	138,	136,	83,	
10,	7,	7,	7,	8,	8,	8,	8,	14,	23,	52,	122,	143,	142,	139,	78,	
11,	9,	8,	9,	8,	9,	9,	10,	11,	26,	102,	134,	145,	148,	145,	88,	
29,	22,	15,	15,	14,	14,	14,	16,	14,	23,	105,	138,	145,	152,	148,	114,	
124,	105,	62,	33,	30,	33,	53,	63,	42,	25,	61,	137,	148,	149,	150,	135,	
147,	150,	146,	92,	45,	43,	83,	124,	94,	42,	34,	83,	115,	123,	110,	83,	
155,	157,	154,	134,	66,	31,	44,	49,	30,	25,	21,	22,	30,	29,	23,	14,	
156,	159,	158,	149,	94,	25,	23,	20,	12,	10,	10,	10,	10,	8,	7,	5,	
162,	162,	162,	155,	126,	24,	12,	9,	7,	6,	6,	4,	5,	5,	3,	2,	
157,	160,	162,	154,	116,	22,	7,	6,	4,	3,	4,	3,	4,	3,	3,	2,	
159,	159,	155,	137,	59,	11,	4,	4,	4,	3,	4,	3,	3,	3,	2,	1,	
135,	109,	91,	54,	22,	8,	4,	5,	3,	2,	4,	4,	3,	4,	3,	2,	
33,	25,	21,	17,	11,	6,	4,	4,	3,	5,	5,	3,	4,	3,	4,	2,	
9,	10,	10,	9,	6,	4,	4,	5,	4,	3,	4,	5,	4,	3,	4,	4,	
6,	5,	6,	4,	3,	3,	4,	4,	4,	4,	3,	5,	6,	6,	6,	2,	
5,	2,	3,	1,	3,	2,	3,	4,	3,	2,	3,	4,	6,	5,	4,	4,	
3,	2,	2,	1,	2,	2,	1,	2,	1,	2,	2,	2,	3,	3,	3,	4,	
3,	2,	1,	3,	1,	2,	2,	2,	0,	-1,	2,	2,	2,	3,	3,	3,	
1,	2,	1,	0,	1,	0,	1,	2,	1,	1,	2,	2,	2,	1,	2,	2,	
1,	0,	2,	1,	0,	1,	0,	2,	0,	0,	1,	2,	2,	2,	2,	2,	
2,	1,	2,	2,	1,	0,	1,	-1,	1,	1,	1,	1,	0,	2,	1,	2,	
2,	1,	2,	2,	0,	0,	1,	1,	0,	0,	0,	1,	3,	1,	2,	2,	
2,	1,	1,	0,	0,	-1,	0,	1,	0,	1,	1,	1,	1,	2,	1,	0,	
3,	2,	0,	0,	1,	0,	1,	1,	0,	-1,	1,	1,	1,	1,	1,	1,	
0,	0,	1,	1,	1,	0,	1,	1,	1,	1,	1,	1,	2,	1,	1,	1,	
1,	1,	1,	1,	-1,	2,	-1,	1,	1,	0,	2,	3,	0,	1,	1,	0,	
3,	2,	0,	0,	2,	-1,	1,	0,	2,	1,	2,	1,	1,	1,	2,	0,	
1,	2,	1,	1,	-1,	0,	0,	1,	3,	0,	1,	-1,	1,	1,	0,	1,	
2,	0,	0,	1,	1,	0,	0,	1,	3,	0,	2,	1,	1,	-1,	2,	1,	
1,	3,	1,	1,	0,	-1,	0,	0,	2,	3,	1,	2,	2,	1,	1,	1
Min:	-1	Max:	162	Average:	31.373
END_UUT
BEGIN_UUT
TimeStamp = 2021-06-15T11:10:36.0401504
ReportType = 18
Image:
PixelType = Signed16Bit
Dmax = 36
Smax = 16
11,	16,	25,	31,	29,	36,	119,	128,	124,	151,	149,	101,	38,	22,	26,	60,	
15,	25,	26,	22,	18,	20,	64,	143,	141,	150,	154,	141,	106,	77,	59,	85,	
27,	25,	19,	14,	13,	14,	27,	96,	146,	149,	156,	149,	150,	146,	89,	60,	
25,	16,	12,	10,	10,	12,	14,	28,	90,	141,	144,	142,	151,	147,	102,	21,	
17,	13,	11,	7,	9,	8,	10,	12,	29,	109,	147,	143,	149,	144,	125,	60,	
13,	8,	7,	6,	7,	6,	7,	10,	18,	52,	137,	141,	145,	144,	136,	80,	
10,	8,	5,	6,	7,	5,	7,	10,	13,	24,	68,	136,	145,	138,	136,	82,	
10,	9,	8,	7,	7,	8,	8,	8,	13,	22,	51,	120,	143,	142,	139,	78,	
12,	10,	9,	7,	9,	10,	9,	9,	11,	25,	100,	134,	145,	147,	145,	88,	
31,	21,	16,	15,	15,	15,	15,	16,	13,	24,	103,	138,	146,	152,	149,	113,	
125,	106,	63,	33,	29,	32,	52,	62,	41,	24,	59,	136,	149,	150,	149,	135,	
148,	149,	146,	92,	46,	41,	82,	123,	93,	40,	33,	81,	113,	121,	110,	81,	
154,	156,	153,	133,	65,	31,	44,	49,	29,	26,	19,	23,	29,	28,	22,	14,	
155,	159,	156,	148,	93,	25,	22,	20,	13,	11,	9,	10,	10,	8,	7,	6,	
160,	161,	162,	154,	125,	24,	13,	10,	6,	7,	5,	5,	4,	5,	3,	3,	
158,	159,	160,	153,	113,	22,	8,	7,	4,	3,	5,	3,	4,	4,	4,	2,	
159,	156,	156,	136,	59,	11,	4,	4,	5,	3,	4,	4,	4,	3,	4,	2,	
134,	107,	90,	52,	22,	9,	5,	6,	4,	4,	3,	4,	3,	3,	3,	4,	
35,	26,	21,	16,	13,	7,	4,	5,	5,	5,	5,	4,	4,	4,	4,	3,	
8,	10,	9,	9,	6,	5,	4,	5,	6,	4,	5,	7,	5,	4,	5,	5,	
5,	5,	6,	3,	4,	2,	3,	2,	5,	4,	5,	7,	6,	7,	5,	3,	
4,	3,	3,	1,	2,	3,	3,	3,	5,	3,	4,	4,	6,	5,	5,	5,	
3,	4,	2,	2,	2,	1,	1,	1,	3,	3,	3,	3,	3,	3,	4,	4,	
3,	3,	2,	2,	2,	1,	2,	2,	2,	1,	3,	2,	2,	3,	2,	3,	
1,	2,	2,	1,	2,	0,	0,	1,	1,	1,	3,	1,	3,	1,	2,	2,	
2,	1,	2,	2,	0,	0,	0,	2,	1,	0,	1,	2,	2,	2,	3,	3,	
2,	2,	2,	1,	2,	-1,	0,	0,	1,	0,	0,	2,	0,	3,	1,	3,	
3,	2,	1,	1,	0,	1,	0,	1,	1,	1,	1,	-1,	3,	1,	2,	2,	
3,	1,	1,	1,	0,	-1,	-2,	0,	1,	1,	1,	2,	1,	1,	1,	0,	
3,	2,	1,	2,	1,	0,	0,	0,	0,	1,	1,	1,	1,	0,	2,	0,	
0,	1,	1,	2,	0,	0,	0,	0,	2,	1,	2,	1,	2,	3,	2,	2,	
2,	2,	1,	2,	-1,	2,	0,	2,	2,	2,	1,	2,	1,	1,	2,	0,	
3,	2,	1,	0,	2,	0,	1,	0,	2,	1,	2,	1,	2,	2,	3,	1,	
2,	2,	2,	1,	-1,	0,	0,	1,	2,	0,	2,	0,	1,	2,	-1,	2,	
3,	1,	1,	1,	1,	0,	-1,	0,	2,	1,	2,	1,	1,	-1,	2,	1,	
1,	4,	1,	1,	0,	-1,	-1,	0,	2,	2,	2,	2,	2,	1,	1,	0
Min:	-2	Max:	162	Average:	31.547
END_UUT
BEGIN_UUT
TimeStamp = 2021-06-15T11:10:36.0870252
ReportType = 18
Image:
PixelType = Signed16Bit
Dmax = 36
Smax = 16
11,	16,	25,	31,	30,	36,	119,	128,	123,	151,	149,	101,	38,	22,	26,	61,	
16,	27,	27,	24,	19,	21,	64,	142,	142,	151,	154,	141,	107,	77,	59,	87,	
27,	25,	19,	15,	14,	15,	28,	95,	147,	150,	153,	149,	150,	146,	88,	60,	
24,	17,	12,	11,	10,	13,	14,	28,	89,	141,	143,	143,	151,	146,	102,	21,	
17,	12,	11,	8,	9,	9,	10,	13,	29,	109,	147,	142,	148,	144,	125,	60,	
13,	8,	7,	6,	7,	8,	8,	11,	17,	52,	136,	140,	145,	144,	135,	78,	
9,	8,	6,	7,	8,	5,	7,	10,	13,	24,	68,	136,	146,	138,	135,	81,	
10,	8,	8,	9,	8,	7,	9,	8,	14,	23,	50,	120,	143,	141,	139,	77,	
12,	10,	9,	9,	9,	9,	9,	9,	11,	26,	99,	134,	145,	148,	145,	87,	
30,	22,	16,	15,	14,	14,	16,	17,	13,	24,	103,	138,	146,	152,	148,	112,	
126,	106,	62,	35,	30,	33,	53,	63,	42,	24,	59,	137,	148,	148,	151,	135,	
148,	151,	147,	94,	47,	42,	85,	125,	95,	40,	34,	80,	114,	122,	112,	81,	
154,	157,	154,	134,	67,	32,	45,	51,	30,	26,	20,	22,	29,	29,	23,	14,	
156,	159,	157,	149,	93,	25,	24,	21,	12,	10,	9,	10,	9,	8,	8,	6,	
161,	161,	162,	155,	127,	25,	13,	9,	7,	6,	5,	4,	5,	5,	5,	2,	
158,	160,	162,	153,	116,	23,	8,	7,	5,	2,	2,	3,	4,	3,	3,	2,	
159,	157,	156,	138,	59,	12,	6,	3,	4,	2,	3,	3,	3,	3,	2,	2,	
136,	110,	93,	54,	23,	9,	4,	6,	3,	2,	3,	4,	3,	3,	4,	2,	
34,	26,	22,	17,	12,	6,	3,	3,	3,	5,	4,	4,	3,	3,	3,	2,	
8,	9,	9,	9,	6,	5,	2,	5,	4,	4,	5,	6,	5,	3,	4,	4,	
6,	5,	5,	4,	5,	3,	4,	3,	2,	4,	4,	4,	5,	6,	5,	2,	
3,	1,	3,	1,	1,	2,	2,	3,	4,	4,	3,	3,	5,	5,	4,	4,	
2,	3,	2,	1,	2,	1,	1,	1,	2,	2,	3,	3,	3,	3,	3,	3,	
2,	3,	2,	2,	1,	1,	2,	2,	1,	0,	3,	2,	1,	3,	3,	2,	
1,	3,	2,	1,	2,	0,	0,	1,	1,	0,	2,	1,	2,	1,	1,	1,	
2,	2,	2,	2,	-1,	0,	-1,	2,	0,	0,	2,	2,	2,	1,	2,	1,	
1,	2,	2,	3,	1,	0,	0,	0,	1,	0,	0,	1,	0,	3,	2,	1,	
1,	1,	1,	1,	0,	0,	0,	1,	1,	0,	1,	1,	3,	1,	2,	0,	
2,	1,	1,	1,	-1,	-1,	0,	1,	1,	1,	0,	1,	1,	0,	1,	0,	
2,	1,	1,	0,	2,	-1,	0,	0,	0,	1,	1,	1,	1,	0,	1,	0,	
0,	0,	1,	2,	0,	-1,	0,	-1,	1,	1,	0,	0,	2,	2,	1,	2,	
1,	1,	1,	2,	-1,	2,	0,	1,	1,	0,	1,	2,	1,	1,	2,	-1,	
2,	2,	0,	0,	2,	0,	-1,	0,	1,	1,	2,	1,	1,	2,	2,	1,	
2,	1,	2,	1,	-1,	0,	0,	0,	1,	1,	2,	0,	1,	2,	0,	1,	
2,	0,	2,	1,	0,	0,	-1,	0,	2,	0,	1,	2,	1,	0,	2,	2,	
1,	2,	1,	1,	1,	-1,	0,	0,	0,	1,	1,	2,	2,	1,	3,	1
Min:	-1	Max:	162	Average:	31.491
END_UUT
BEGIN_UUT
TimeStamp = 2021-06-15T11:10:36.1339003
ReportType = 18
Image:
PixelType = Signed16Bit
Dmax = 36
Smax = 16
11,	17,	26,	31,	28,	36,	118,	128,	123,	151,	150,	101,	38,	21,	27,	59,	
16,	27,	26,	23,	19,	21,	63,	142,	142,	151,	154,	141,	106,	76,	59,	87,	
26,	24,	19,	15,	13,	15,	28,	94,	147,	150,	154,	149,	150,	146,	88,	61,	
24,	17,	12,	11,	10,	13,	15,	28,	89,	142,	144,	143,	150,	146,	102,	21,	
17,	13,	13,	9,	9,	9,	10,	12,	29,	109,	147,	144,	148,	144,	125,	59,	
13,	9,	8,	6,	7,	7,	9,	11,	17,	52,	136,	140,	146,	143,	135,	79,	
10,	8,	5,	5,	8,	6,	6,	9,	14,	25,	67,	135,	147,	139,	137,	81,	
10,	7,	7,	7,	6,	7,	7,	8,	14,	22,	51,	121,	144,	143,	140,	78,	
11,	9,	7,	8,	8,	9,	8,	10,	10,	26,	99,	135,	146,	147,	145,	88,	
29,	20,	15,	14,	14,	14,	13,	16,	13,	24,	102,	138,	146,	152,	149,	114,	
122,	103,	59,	32,	29,	32,	52,	61,	40,	24,	59,	137,	149,	149,	150,	135,	
148,	150,	145,	87,	43,	40,	79,	122,	93,	41,	33,	80,	113,	123,	111,	82,	
154,	157,	153,	133,	63,	31,	43,	49,	30,	25,	20,	22,	29,	29,	22,	15,	
156,	158,	157,	149,	93,	25,	23,	21,	11,	10,	9,	10,	9,	9,	7,	5,	
162,	160,	161,	155,	125,	24,	12,	10,	7,	6,	4,	4,	4,	5,	4,	2,	
158,	159,	161,	153,	114,	22,	6,	6,	5,	4,	3,	5,	4,	4,	2,	2,	
158,	158,	155,	137,	60,	13,	5,	4,	4,	2,	3,	2,	3,	2,	3,	2,	
135,	108,	92,	52,	22,	9,	5,	6,	3,	3,	3,	4,	3,	4,	5,	2,	
32,	26,	22,	16,	11,	6,	3,	4,	3,	5,	4,	4,	4,	4,	3,	3,	
8,	9,	10,	9,	6,	5,	3,	4,	6,	4,	6,	7,	5,	4,	4,	4,	
5,	5,	5,	4,	4,	3,	3,	3,	4,	4,	4,	5,	6,	6,	5,	3,	
4,	2,	3,	1,	2,	2,	2,	3,	5,	4,	3,	4,	6,	6,	4,	3,	
2,	3,	2,	1,	2,	1,	1,	1,	2,	3,	4,	3,	3,	4,	3,	4,	
2,	1,	2,	2,	1,	0,	2,	2,	1,	1,	2,	2,	2,	2,	4,	3,	
1,	3,	0,	0,	2,	-1,	0,	1,	1,	1,	2,	1,	2,	0,	3,	2,	
1,	1,	1,	1,	-1,	0,	-1,	2,	2,	0,	2,	2,	3,	2,	2,	2,	
1,	1,	2,	1,	0,	0,	-1,	-1,	1,	0,	1,	2,	0,	2,	1,	1,	
2,	0,	0,	1,	0,	1,	0,	0,	0,	1,	0,	1,	3,	1,	2,	2,	
1,	0,	1,	0,	0,	-1,	0,	0,	0,	1,	2,	1,	1,	1,	1,	0,	
2,	2,	0,	0,	1,	0,	0,	1,	1,	1,	1,	1,	1,	0,	2,	1,	
-1,	1,	1,	1,	0,	0,	0,	0,	2,	1,	1,	-1,	2,	3,	1,	2,	
1,	1,	1,	2,	-1,	2,	0,	1,	1,	1,	1,	3,	1,	2,	2,	1,	
2,	1,	-1,	0,	2,	-1,	1,	0,	2,	1,	2,	1,	2,	2,	3,	1,	
3,	0,	2,	1,	-1,	0,	0,	1,	1,	0,	1,	0,	1,	2,	1,	2,	
2,	0,	0,	2,	1,	-1,	-1,	1,	2,	1,	2,	1,	1,	0,	2,	1,	
0,	2,	1,	-1,	1,	-1,	-1,	1,	1,	2,	1,	2,	3,	2,	3,	1
Min:	-1	Max:	162	Average:	31.382
END_UUT
BEGIN_UUT
TimeStamp = 2021-06-15T11:10:36.1807744
ReportType = 18
Image:
PixelType = Signed16Bit
Dmax = 36
Smax = 16
11,	15,	24,	29,	27,	35,	118,	129,	123,	150,	149,	100,	37,	21,	24,	59,	
15,	25,	24,	21,	18,	20,	61,	140,	140,	150,	154,	140,	106,	76,	59,	85,	
25,	23,	17,	14,	12,	14,	25,	93,	145,	150,	154,	148,	150,	146,	88,	60,	
23,	16,	11,	10,	9,	11,	14,	27,	88,	141,	142,	142,	151,	146,	101,	21,	
16,	12,	11,	6,	9,	8,	10,	11,	27,	108,	147,	143,	147,	145,	126,	59,	
12,	8,	7,	6,	6,	6,	7,	10,	16,	51,	135,	140,	146,	144,	135,	79,	
9,	6,	7,	5,	7,	6,	6,	9,	13,	24,	67,	136,	146,	139,	136,	82,	
10,	7,	6,	6,	6,	8,	9,	8,	13,	22,	51,	121,	145,	142,	140,	78,	
11,	9,	8,	8,	9,	9,	9,	9,	11,	25,	99,	134,	145,	148,	146,	88,	
29,	19,	15,	14,	14,	13,	14,	15,	12,	23,	102,	137,	146,	153,	148,	114,	
122,	103,	60,	31,	28,	32,	51,	61,	40,	24,	60,	136,	148,	149,	150,	135,	
148,	151,	145,	88,	44,	39,	80,	123,	92,	41,	34,	81,	114,	122,	111,	82,	
153,	156,	154,	133,	63,	29,	43,	49,	30,	25,	20,	22,	29,	29,	23,	14,	
155,	158,	156,	148,	92,	25,	22,	20,	12,	11,	10,	9,	10,	8,	8,	6,	
161,	160,	160,	154,	125,	23,	12,	9,	7,	6,	5,	5,	4,	5,	5,	2,	
157,	159,	161,	151,	114,	21,	7,	6,	4,	2,	3,	3,	4,	3,	2,	2,	
158,	157,	156,	137,	59,	12,	6,	3,	4,	2,	2,	3,	3,	3,	3,	3,	
134,	108,	92,	52,	22,	9,	5,	6,	3,	4,	3,	4,	2,	3,	3,	3,	
34,	25,	22,	16,	12,	5,	4,	4,	4,	4,	3,	3,	3,	3,	3,	2,	
8,	9,	9,	9,	6,	4,	4,	4,	5,	2,	4,	5,	5,	3,	3,	3,	
5,	5,	5,	3,	4,	3,	3,	3,	3,	4,	4,	4,	5,	6,	6,	3,	
4,	2,	4,	2,	2,	2,	3,	2,	4,	3,	2,	4,	5,	5,	4,	3,	
3,	2,	3,	2,	2,	1,	2,	1,	2,	2,	2,	3,	3,	4,	3,	3,	
2,	2,	1,	2,	1,	0,	2,	2,	1,	0,	2,	1,	2,	2,	3,	3,	
3,	2,	1,	0,	0,	0,	0,	2,	1,	1,	2,	2,	2,	1,	1,	2,	
1,	0,	3,	2,	0,	0,	0,	2,	0,	1,	2,	1,	3,	1,	2,	3,	
1,	1,	1,	1,	1,	0,	0,	0,	1,	0,	-1,	2,	1,	1,	2,	2,	
2,	0,	1,	1,	0,	0,	0,	1,	0,	1,	0,	1,	3,	1,	2,	1,	
1,	1,	1,	1,	-1,	-1,	-1,	2,	1,	1,	1,	0,	0,	0,	1,	0,	
2,	1,	2,	0,	1,	0,	1,	0,	1,	0,	1,	2,	1,	0,	1,	0,	
-1,	1,	1,	1,	0,	-1,	1,	0,	1,	0,	0,	0,	2,	2,	1,	2,	
1,	2,	1,	1,	-1,	2,	-1,	0,	1,	1,	0,	2,	1,	0,	0,	0,	
1,	0,	-1,	0,	1,	0,	1,	0,	1,	0,	1,	0,	1,	0,	2,	1,	
1,	1,	0,	0,	0,	-1,	0,	0,	2,	0,	0,	0,	2,	2,	-1,	1,	
1,	0,	1,	1,	1,	1,	0,	-1,	1,	1,	1,	1,	1,	-1,	2,	1,	
0,	2,	1,	0,	0,	0,	-1,	1,	1,	2,	0,	1,	1,	0,	1,	0
Min:	-1	Max:	161	Average:	31.090
END_UUT
BEGIN_UUT
TimeStamp = 2021-06-15T11:10:36.2216671
ReportType = 18
Image:
PixelType = Signed16Bit
Dmax = 36
Smax = 16
11,	16,	24,	29,	28,	34,	117,	127,	123,	150,	148,	100,	37,	20,	26,	59,	
14,	24,	26,	21,	17,	21,	61,	140,	141,	148,	153,	140,	104,	75,	57,	86,	
25,	23,	19,	14,	12,	14,	26,	93,	145,	148,	153,	148,	149,	144,	88,	59,	
24,	17,	11,	11,	10,	12,	14,	27,	88,	141,	142,	142,	150,	144,	100,	21,	
17,	13,	10,	6,	8,	8,	10,	12,	28,	109,	146,	142,	147,	142,	125,	59,	
12,	8,	7,	6,	6,	6,	7,	10,	17,	51,	134,	140,	145,	143,	135,	79,	
9,	7,	6,	5,	7,	6,	6,	10,	13,	24,	67,	134,	146,	139,	136,	83,	
10,	7,	7,	7,	7,	8,	8,	7,	12,	22,	51,	121,	143,	142,	140,	78,	
11,	10,	8,	8,	8,	9,	9,	9,	11,	26,	100,	134,	145,	147,	145,	89,	
29,	20,	15,	15,	14,	15,	14,	16,	13,	23,	101,	137,	146,	151,	148,	113,	
122,	104,	60,	33,	28,	33,	53,	62,	40,	24,	60,	136,	148,	150,	149,	135,	
148,	151,	146,	89,	44,	42,	82,	125,	93,	41,	34,	82,	114,	122,	111,	82,	
153,	156,	152,	132,	64,	30,	44,	49,	30,	25,	19,	22,	29,	28,	22,	13,	
156,	157,	157,	148,	92,	24,	22,	20,	13,	11,	9,	9,	8,	8,	5,	5,	
160,	159,	161,	154,	125,	23,	12,	10,	6,	6,	4,	4,	3,	4,	3,	2,	
158,	158,	161,	152,	116,	21,	7,	6,	3,	2,	3,	3,	4,	3,	2,	2,	
157,	157,	154,	138,	61,	12,	4,	4,	4,	1,	2,	2,	2,	1,	3,	2,	
136,	110,	94,	55,	22,	8,	4,	6,	3,	3,	2,	3,	3,	3,	3,	0,	
33,	25,	21,	16,	11,	5,	4,	4,	3,	3,	3,	2,	3,	2,	4,	1,	
8,	9,	9,	9,	6,	5,	3,	4,	5,	2,	4,	6,	4,	3,	3,	2,	
5,	5,	5,	3,	3,	2,	3,	3,	3,	3,	4,	5,	6,	6,	5,	2,	
4,	2,	1,	2,	2,	2,	3,	4,	3,	3,	2,	4,	5,	4,	3,	3,	
2,	1,	2,	0,	2,	1,	0,	1,	1,	2,	2,	2,	3,	3,	3,	3,	
3,	1,	2,	2,	2,	1,	2,	1,	1,	0,	1,	1,	1,	2,	3,	2,	
1,	3,	1,	0,	1,	1,	0,	2,	2,	1,	3,	1,	2,	1,	2,	2,	
1,	1,	2,	2,	0,	1,	-1,	3,	0,	0,	1,	2,	2,	2,	3,	1,	
2,	0,	1,	1,	1,	-1,	1,	-1,	1,	-1,	1,	1,	0,	2,	1,	1,	
1,	1,	1,	0,	0,	0,	0,	1,	1,	0,	1,	0,	3,	1,	1,	1,	
2,	0,	1,	0,	-1,	-1,	-1,	0,	1,	1,	0,	1,	1,	1,	1,	0,	
2,	1,	1,	0,	0,	0,	-1,	0,	1,	0,	1,	1,	1,	1,	2,	0,	
0,	1,	1,	0,	-1,	0,	0,	0,	1,	1,	0,	0,	1,	3,	2,	1,	
0,	2,	1,	2,	0,	2,	0,	1,	0,	0,	1,	1,	2,	1,	1,	0,	
2,	1,	0,	0,	1,	0,	0,	-1,	0,	0,	2,	1,	2,	1,	3,	1,	
2,	2,	1,	1,	-1,	0,	0,	1,	2,	0,	1,	0,	1,	3,	0,	2,	
2,	0,	0,	1,	1,	1,	-2,	0,	1,	0,	1,	1,	1,	0,	2,	2,	
1,	3,	1,	0,	2,	0,	-1,	0,	1,	2,	0,	2,	2,	1,	2,	2
Min:	-2	Max:	161	Average:	31.049
END_UUT
