BEGIN_UUT
TimeStamp = 2021-06-15T10:58:58.2961311
ReportType = 18
Image:
PixelType = Signed16Bit
Dmax = 36
Smax = 16
-1,	0,	-1,	0,	1,	1,	1,	-1,	0,	-1,	0,	0,	1,	1,	2,	1,	
0,	0,	0,	0,	0,	0,	1,	1,	0,	-1,	-1,	0,	0,	0,	0,	-1,	
0,	0,	-1,	-1,	-1,	1,	0,	1,	0,	-1,	2,	0,	0,	0,	0,	-1,	
0,	0,	1,	0,	0,	1,	0,	1,	-1,	0,	0,	0,	0,	1,	0,	0,	
-1,	-1,	-1,	0,	2,	1,	0,	-1,	1,	0,	1,	-1,	0,	0,	1,	1,	
-1,	0,	0,	-1,	0,	1,	1,	0,	-1,	1,	0,	-1,	-2,	0,	0,	-1,	
0,	-1,	1,	0,	0,	-1,	-2,	0,	0,	-1,	0,	-1,	0,	1,	1,	-1,	
0,	-1,	1,	1,	1,	-1,	-2,	0,	0,	0,	0,	0,	0,	0,	-1,	-2,	
2,	0,	-1,	1,	0,	-1,	-1,	0,	-1,	0,	1,	-2,	-1,	0,	0,	0,	
0,	1,	0,	1,	0,	-2,	0,	-2,	0,	-1,	1,	-1,	-2,	1,	-1,	-1,	
1,	-1,	0,	1,	1,	-1,	-1,	-1,	-1,	0,	0,	-1,	0,	-1,	0,	0,	
-1,	0,	-1,	1,	-1,	0,	-1,	0,	1,	1,	0,	-1,	-1,	-1,	-1,	-1,	
-1,	-1,	-1,	-2,	-2,	-1,	-1,	0,	-1,	0,	0,	0,	-1,	1,	1,	1,	
0,	-1,	-1,	-1,	0,	-1,	0,	-1,	1,	2,	0,	0,	1,	1,	1,	-2,	
-2,	-1,	-1,	-1,	-1,	-1,	0,	-1,	0,	0,	1,	2,	-1,	0,	0,	0,	
-1,	-1,	0,	0,	-1,	-1,	-1,	-1,	1,	-2,	0,	-1,	0,	2,	0,	0,	
-2,	-1,	-1,	-1,	1,	-1,	-1,	-1,	0,	0,	-1,	1,	1,	-1,	0,	1,	
-1,	0,	-1,	-1,	-1,	-1,	-2,	0,	1,	0,	0,	1,	0,	0,	1,	0,	
-1,	1,	0,	0,	-1,	-1,	0,	0,	-1,	1,	1,	0,	0,	0,	-2,	0,	
1,	-1,	-1,	0,	-1,	0,	0,	0,	1,	0,	-1,	1,	1,	0,	0,	-1,	
0,	0,	0,	0,	0,	0,	-1,	0,	-1,	0,	0,	0,	-2,	0,	-1,	0,	
1,	0,	1,	1,	1,	1,	1,	0,	1,	2,	0,	0,	-1,	1,	0,	-1,	
0,	-2,	0,	1,	0,	0,	0,	2,	0,	0,	0,	0,	-1,	0,	-1,	1,	
0,	1,	0,	-1,	0,	-1,	-1,	1,	0,	1,	0,	-1,	-1,	0,	1,	0,	
1,	0,	-1,	-1,	1,	0,	-2,	0,	0,	1,	2,	0,	1,	2,	0,	2,	
1,	0,	0,	-1,	0,	2,	0,	-1,	0,	1,	0,	0,	0,	1,	0,	-1,	
0,	1,	-1,	0,	0,	0,	1,	-1,	0,	1,	-1,	0,	0,	0,	1,	1,	
1,	1,	0,	0,	-1,	1,	0,	1,	0,	0,	1,	-1,	-2,	1,	-1,	0,	
1,	0,	-1,	0,	1,	0,	0,	1,	-1,	0,	0,	1,	1,	1,	0,	-1,	
0,	0,	1,	-2,	1,	0,	0,	1,	-1,	0,	0,	-1,	1,	-1,	1,	1,	
0,	0,	0,	-1,	0,	0,	0,	0,	-1,	0,	0,	1,	0,	1,	0,	0,	
0,	0,	0,	-1,	-1,	0,	2,	0,	1,	1,	1,	0,	-1,	1,	0,	-1,	
-2,	-1,	0,	1,	1,	-1,	1,	0,	1,	0,	1,	0,	0,	0,	0,	0,	
0,	0,	1,	1,	0,	2,	1,	0,	0,	0,	0,	0,	1,	0,	-1,	0,	
0,	0,	-1,	1,	0,	0,	0,	0,	1,	0,	1,	0,	0,	0,	0,	0,	
0,	1,	-1,	0,	0,	1,	2,	1,	-1,	1,	2,	0,	0,	-1,	1,	0
Min:	-2	Max:	2	Average:	-0.045
END_UUT
BEGIN_UUT
TimeStamp = 2021-06-15T10:58:58.3430058
ReportType = 18
Image:
PixelType = Signed16Bit
Dmax = 36
Smax = 16
0,	0,	0,	0,	0,	1,	0,	-1,	1,	-1,	0,	-1,	1,	1,	1,	1,	
1,	0,	0,	-1,	0,	0,	0,	0,	0,	-1,	-1,	0,	0,	0,	1,	-1,	
1,	0,	-1,	1,	-1,	1,	0,	0,	0,	-1,	0,	0,	0,	-1,	-1,	0,	
1,	0,	1,	0,	1,	0,	0,	0,	0,	1,	0,	0,	0,	0,	-1,	0,	
0,	-3,	0,	0,	1,	1,	-1,	0,	0,	0,	0,	-1,	-1,	-1,	0,	0,	
0,	0,	-1,	-1,	-1,	1,	1,	0,	0,	0,	0,	0,	-1,	0,	0,	-1,	
0,	-1,	1,	-1,	0,	-1,	-2,	0,	0,	-1,	-1,	0,	1,	0,	1,	0,	
-1,	0,	1,	0,	0,	-1,	-2,	-1,	1,	0,	0,	1,	0,	0,	1,	-1,	
0,	-2,	0,	2,	-1,	-2,	0,	0,	0,	0,	1,	-1,	0,	0,	0,	0,	
0,	1,	-1,	0,	1,	-2,	-1,	0,	1,	-1,	1,	0,	0,	1,	-1,	1,	
0,	-1,	1,	0,	0,	1,	0,	0,	0,	0,	0,	0,	0,	0,	0,	0,	
-1,	-1,	0,	0,	0,	0,	-1,	0,	0,	2,	0,	-1,	-1,	1,	-1,	0,	
-1,	-1,	-1,	-1,	-2,	0,	-1,	1,	-1,	-1,	-1,	0,	-1,	0,	0,	0,	
0,	0,	0,	-1,	-1,	0,	-1,	0,	1,	1,	0,	0,	0,	1,	2,	-1,	
-2,	-1,	-2,	0,	-2,	0,	0,	-1,	0,	0,	1,	1,	0,	-1,	-1,	-1,	
0,	-1,	-1,	0,	0,	0,	-1,	0,	0,	-2,	1,	0,	0,	1,	2,	1,	
-2,	-2,	-1,	-1,	0,	0,	-1,	0,	1,	0,	1,	0,	0,	-1,	0,	0,	
0,	1,	-1,	-1,	0,	0,	0,	0,	-1,	0,	0,	0,	0,	0,	-1,	0,	
-1,	2,	0,	0,	-1,	0,	0,	0,	-1,	-1,	0,	-1,	2,	1,	-1,	0,	
1,	0,	0,	0,	-1,	-1,	0,	0,	0,	-1,	-1,	0,	0,	0,	1,	0,	
0,	0,	-1,	-1,	-1,	-1,	-1,	-1,	0,	0,	-1,	0,	-1,	0,	1,	0,	
0,	1,	1,	0,	1,	1,	-1,	0,	0,	1,	-1,	0,	1,	0,	0,	-1,	
-1,	-1,	0,	0,	0,	0,	1,	1,	0,	-1,	-1,	0,	0,	0,	-1,	1,	
1,	2,	0,	-1,	0,	-1,	-1,	0,	0,	1,	0,	0,	0,	0,	1,	0,	
1,	-1,	-1,	1,	0,	0,	-1,	0,	1,	0,	1,	0,	1,	1,	0,	0,	
0,	0,	0,	0,	0,	1,	1,	0,	0,	1,	0,	0,	0,	1,	0,	-1,	
0,	-1,	0,	1,	0,	0,	0,	0,	0,	1,	2,	0,	0,	0,	0,	0,	
0,	0,	0,	1,	0,	1,	0,	0,	0,	0,	1,	-1,	-2,	0,	-1,	0,	
0,	0,	-2,	-1,	0,	-1,	0,	1,	1,	0,	1,	0,	0,	-1,	0,	-1,	
0,	0,	1,	-1,	0,	0,	1,	1,	0,	1,	1,	-1,	0,	-1,	0,	0,	
-1,	0,	-2,	0,	0,	0,	0,	0,	1,	1,	1,	1,	0,	1,	-1,	0,	
0,	0,	0,	-1,	0,	-1,	2,	-1,	0,	2,	2,	1,	0,	0,	0,	-1,	
-1,	0,	0,	1,	0,	-1,	0,	0,	2,	1,	1,	0,	0,	1,	0,	-1,	
1,	-1,	1,	1,	1,	0,	0,	0,	1,	0,	2,	0,	1,	0,	-1,	0,	
0,	-1,	-1,	1,	0,	0,	0,	0,	1,	1,	1,	0,	0,	0,	0,	1,	
1,	1,	0,	1,	0,	1,	0,	0,	0,	1,	1,	-1,	0,	-2,	0,	0
Min:	-3	Max:	2	Average:	-0.043
END_UUT
BEGIN_UUT
TimeStamp = 2021-06-15T10:58:58.3898800
ReportType = 18
Image:
PixelType = Signed16Bit
Dmax = 36
Smax = 16
-1,	0,	0,	0,	1,	1,	0,	-1,	0,	-1,	-1,	0,	0,	0,	1,	1,	
1,	0,	0,	1,	-1,	-1,	-1,	1,	0,	-1,	0,	0,	0,	0,	1,	-1,	
1,	0,	-1,	-1,	-1,	0,	-1,	0,	1,	-1,	0,	0,	0,	0,	-1,	1,	
0,	0,	2,	0,	2,	0,	0,	1,	0,	1,	0,	0,	-2,	1,	0,	0,	
-1,	-1,	0,	-1,	1,	1,	-1,	0,	0,	0,	1,	0,	0,	-1,	1,	0,	
0,	1,	0,	-1,	-1,	0,	-1,	0,	0,	1,	0,	1,	-1,	0,	0,	0,	
0,	-1,	1,	-1,	-1,	-1,	-1,	0,	0,	0,	0,	0,	0,	0,	1,	-1,	
0,	-1,	1,	0,	0,	-2,	-1,	-1,	-1,	0,	0,	0,	0,	0,	1,	-1,	
0,	-1,	-1,	0,	-1,	-2,	0,	0,	0,	0,	0,	-2,	0,	0,	0,	-1,	
0,	0,	0,	0,	0,	0,	0,	-1,	1,	-1,	2,	0,	-3,	1,	-1,	-1,	
0,	-1,	0,	0,	1,	0,	0,	0,	0,	0,	0,	0,	0,	-1,	0,	0,	
0,	-2,	-1,	0,	0,	0,	-1,	0,	1,	1,	0,	-1,	-1,	0,	-1,	-1,	
1,	-2,	0,	-1,	-1,	-1,	0,	0,	-1,	0,	-1,	1,	-1,	1,	0,	1,	
0,	0,	0,	-1,	0,	0,	0,	-1,	1,	0,	0,	1,	0,	1,	2,	-1,	
-2,	0,	-1,	-1,	-1,	0,	0,	0,	0,	0,	1,	2,	-1,	-1,	1,	0,	
-1,	0,	1,	0,	0,	-1,	-1,	-1,	1,	-2,	0,	0,	-1,	1,	1,	1,	
-1,	0,	-1,	0,	2,	-1,	-1,	-1,	1,	0,	-1,	1,	0,	1,	-1,	0,	
-1,	1,	-1,	-1,	-2,	-1,	-1,	-1,	1,	-1,	1,	0,	1,	0,	-1,	0,	
-1,	0,	1,	-1,	-1,	0,	0,	0,	0,	-1,	0,	0,	0,	0,	-1,	1,	
1,	0,	-1,	-1,	-1,	0,	-1,	-1,	2,	0,	-1,	1,	1,	0,	1,	-1,	
0,	0,	0,	-1,	0,	0,	-1,	1,	0,	0,	0,	0,	-1,	1,	-1,	0,	
0,	0,	1,	0,	0,	0,	0,	0,	1,	2,	0,	1,	0,	0,	0,	0,	
0,	-1,	0,	-1,	-1,	0,	0,	0,	1,	1,	0,	0,	0,	0,	0,	0,	
0,	2,	-1,	-1,	0,	0,	0,	0,	0,	2,	-1,	-1,	-1,	0,	1,	0,	
1,	-1,	0,	0,	0,	0,	-1,	-1,	-1,	0,	0,	-1,	1,	1,	-1,	0,	
0,	-1,	1,	-1,	0,	1,	1,	0,	1,	1,	1,	1,	0,	2,	0,	0,	
0,	0,	-1,	0,	-1,	0,	1,	2,	1,	1,	-1,	0,	0,	1,	1,	1,	
1,	0,	-1,	1,	-1,	1,	1,	1,	0,	0,	1,	0,	-2,	0,	-1,	-1,	
0,	0,	-1,	0,	1,	-1,	0,	0,	1,	0,	1,	1,	2,	1,	0,	-1,	
-1,	0,	1,	-1,	1,	0,	1,	1,	0,	1,	1,	1,	0,	0,	1,	2,	
-1,	-1,	-1,	0,	0,	0,	-1,	-1,	0,	0,	0,	1,	-1,	1,	-1,	1,	
0,	0,	-1,	-1,	0,	0,	0,	-1,	1,	2,	1,	0,	0,	0,	0,	-1,	
0,	0,	1,	1,	1,	-1,	-1,	0,	2,	1,	0,	0,	0,	0,	0,	0,	
0,	1,	0,	0,	1,	0,	0,	2,	1,	0,	-1,	0,	0,	-1,	-1,	0,	
1,	1,	-1,	1,	0,	-1,	0,	-1,	1,	0,	1,	0,	0,	0,	0,	-1,	
0,	1,	0,	0,	0,	0,	1,	-1,	1,	1,	1,	0,	1,	-1,	-1,	-1
Min:	-3	Max:	2	Average:	-0.033
END_UUT
BEGIN_UUT
TimeStamp = 2021-06-15T10:58:58.4367556
ReportType = 18
Image:
PixelType = Signed16Bit
Dmax = 36
Smax = 16
-1,	-1,	0,	0,	0,	1,	1,	0,	0,	-1,	0,	0,	0,	1,	1,	1,	
0,	1,	0,	1,	-1,	0,	1,	1,	0,	-1,	-1,	-1,	0,	0,	2,	-1,	
1,	0,	0,	-1,	-1,	0,	-2,	1,	-1,	-1,	1,	-1,	0,	0,	-1,	0,	
0,	0,	2,	0,	0,	-1,	-1,	1,	1,	0,	0,	1,	-1,	1,	-1,	0,	
-1,	-1,	0,	-1,	1,	1,	0,	-1,	0,	0,	0,	0,	-1,	0,	1,	0,	
0,	0,	0,	-1,	0,	1,	-1,	0,	0,	1,	0,	0,	-1,	-1,	-1,	-1,	
0,	-1,	1,	-1,	0,	-2,	-2,	0,	0,	0,	0,	-1,	1,	0,	0,	0,	
0,	-1,	1,	0,	0,	-2,	-2,	-2,	1,	0,	1,	1,	0,	0,	1,	-2,	
0,	0,	-1,	0,	-1,	-2,	0,	-1,	0,	0,	0,	-1,	-1,	-1,	0,	0,	
0,	-1,	0,	0,	1,	-2,	-1,	0,	1,	0,	2,	1,	-1,	0,	-1,	0,	
0,	-1,	0,	-1,	0,	0,	0,	0,	0,	0,	1,	-1,	0,	0,	0,	0,	
-1,	-1,	-1,	-1,	0,	0,	0,	0,	2,	1,	1,	-1,	-1,	-1,	-1,	0,	
1,	-1,	0,	-1,	-2,	0,	-1,	0,	-1,	0,	0,	1,	-1,	0,	0,	1,	
1,	0,	-1,	-1,	0,	0,	0,	0,	1,	1,	0,	0,	0,	0,	2,	-1,	
-1,	0,	-1,	-1,	-1,	1,	0,	0,	0,	-1,	0,	2,	0,	0,	0,	-1,	
0,	1,	-1,	0,	0,	-1,	-1,	0,	1,	-1,	0,	-1,	0,	2,	0,	0,	
-2,	0,	-1,	0,	1,	-1,	-1,	0,	0,	0,	0,	0,	0,	1,	-1,	1,	
-1,	0,	-1,	-1,	0,	0,	-1,	0,	0,	1,	0,	0,	0,	0,	-1,	0,	
1,	1,	1,	-1,	-1,	0,	-1,	-1,	-1,	-1,	0,	0,	0,	0,	0,	1,	
0,	0,	-1,	-1,	-1,	-2,	-1,	-1,	1,	0,	-1,	0,	1,	1,	1,	-1,	
0,	1,	0,	0,	0,	0,	-1,	0,	1,	0,	0,	0,	-1,	0,	0,	0,	
2,	1,	1,	1,	1,	1,	0,	0,	1,	1,	-1,	-1,	-2,	0,	0,	-1,	
0,	0,	1,	-1,	-1,	-1,	0,	1,	1,	0,	0,	0,	0,	1,	0,	-1,	
0,	2,	0,	-1,	1,	-1,	-2,	0,	0,	1,	-1,	0,	-1,	0,	1,	0,	
0,	0,	-1,	0,	0,	1,	0,	0,	0,	0,	0,	0,	0,	1,	0,	0,	
0,	-1,	0,	0,	0,	2,	1,	-1,	1,	0,	0,	-1,	-1,	1,	0,	0,	
0,	0,	0,	0,	0,	1,	1,	0,	-1,	1,	-1,	0,	0,	0,	1,	1,	
0,	1,	0,	0,	0,	1,	1,	1,	1,	0,	2,	0,	-2,	0,	0,	0,	
0,	0,	-1,	-1,	1,	-1,	1,	0,	1,	0,	1,	1,	1,	0,	0,	0,	
-1,	0,	0,	-2,	2,	0,	1,	2,	0,	1,	1,	0,	0,	0,	0,	2,	
1,	1,	-3,	0,	0,	0,	-1,	0,	-1,	0,	0,	1,	-1,	0,	-1,	0,	
0,	0,	-1,	-1,	0,	0,	0,	-1,	0,	1,	1,	0,	-1,	1,	1,	-1,	
0,	0,	0,	1,	0,	-1,	0,	0,	1,	0,	0,	0,	-1,	0,	1,	0,	
-1,	0,	1,	0,	0,	0,	0,	1,	0,	0,	0,	0,	1,	0,	0,	0,	
0,	0,	-1,	0,	0,	-1,	0,	-1,	1,	-1,	0,	0,	0,	0,	1,	-1,	
0,	1,	-1,	1,	2,	1,	0,	-1,	-1,	1,	0,	0,	0,	-1,	-1,	0
Min:	-3	Max:	2	Average:	-0.056
END_UUT
BEGIN_UUT
TimeStamp = 2021-06-15T10:58:58.4836283
ReportType = 18
Image:
PixelType = Signed16Bit
Dmax = 36
Smax = 16
-1,	-1,	0,	0,	1,	2,	1,	-1,	1,	0,	0,	-1,	0,	1,	1,	1,	
1,	0,	0,	1,	0,	0,	1,	1,	0,	0,	0,	1,	1,	-1,	0,	-1,	
0,	0,	-1,	-2,	0,	1,	1,	1,	0,	0,	1,	0,	0,	-1,	0,	0,	
1,	1,	1,	-1,	1,	1,	0,	1,	0,	1,	1,	0,	0,	1,	0,	0,	
-1,	-3,	-1,	0,	1,	1,	0,	-1,	0,	0,	1,	-1,	-1,	0,	1,	0,	
0,	0,	-1,	0,	1,	1,	1,	0,	0,	1,	1,	-1,	-2,	0,	1,	-1,	
0,	-1,	1,	-1,	0,	-1,	-1,	-1,	1,	-1,	0,	-1,	0,	0,	-1,	0,	
-1,	-2,	-1,	-1,	-1,	-1,	-1,	0,	1,	0,	0,	0,	1,	0,	0,	-1,	
-1,	-1,	-1,	0,	-1,	-2,	-1,	0,	1,	0,	1,	-1,	0,	0,	0,	0,	
0,	0,	0,	0,	1,	-1,	0,	-1,	0,	0,	1,	1,	-1,	1,	-1,	-1,	
0,	-1,	0,	-1,	1,	0,	0,	-1,	0,	0,	0,	0,	1,	-1,	0,	1,	
-1,	-1,	-1,	0,	0,	0,	0,	0,	2,	2,	1,	-1,	-1,	-1,	-1,	0,	
-1,	-1,	-1,	-1,	-2,	0,	-1,	1,	-1,	-1,	-1,	0,	-1,	1,	0,	0,	
0,	0,	-1,	-1,	-1,	0,	0,	0,	0,	0,	1,	0,	0,	1,	2,	-1,	
-3,	-2,	-2,	-1,	-2,	0,	-1,	0,	0,	0,	0,	2,	0,	0,	1,	0,	
-1,	0,	0,	0,	-1,	-1,	0,	-1,	1,	-2,	1,	0,	-1,	0,	0,	1,	
-1,	-1,	-1,	-1,	1,	-1,	0,	-1,	0,	1,	0,	0,	0,	0,	0,	1,	
-1,	-1,	-1,	-1,	-1,	0,	-1,	0,	1,	0,	1,	0,	0,	0,	0,	0,	
-1,	2,	0,	-1,	-2,	0,	0,	0,	-1,	0,	1,	0,	1,	0,	0,	0,	
1,	0,	-1,	-2,	-1,	0,	-1,	0,	1,	0,	0,	-1,	1,	0,	0,	0,	
0,	0,	-1,	-1,	0,	0,	0,	0,	0,	0,	-1,	0,	-2,	0,	0,	0,	
1,	1,	1,	0,	0,	1,	0,	-1,	2,	1,	0,	0,	0,	0,	-1,	-1,	
0,	-1,	-1,	-1,	0,	0,	1,	1,	0,	0,	0,	-1,	-1,	0,	-1,	0,	
0,	1,	0,	-1,	1,	1,	0,	2,	0,	1,	0,	0,	0,	0,	1,	0,	
0,	-1,	0,	1,	0,	0,	-1,	-1,	0,	1,	1,	0,	0,	1,	0,	0,	
0,	0,	1,	0,	1,	1,	0,	-1,	1,	0,	1,	0,	0,	0,	-1,	-2,	
0,	0,	-1,	0,	0,	-1,	0,	0,	-1,	1,	-1,	-1,	0,	0,	0,	-1,	
0,	1,	0,	0,	0,	1,	0,	0,	0,	-1,	0,	-1,	-3,	0,	-1,	-1,	
1,	0,	-1,	0,	-1,	-2,	0,	0,	1,	1,	0,	1,	0,	-1,	0,	-1,	
0,	1,	0,	-1,	1,	-2,	0,	0,	-1,	1,	0,	-1,	-1,	-1,	0,	1,	
0,	0,	-1,	0,	1,	1,	-1,	-1,	0,	0,	-1,	1,	-1,	0,	0,	1,	
1,	0,	-1,	-2,	-1,	0,	0,	0,	0,	1,	0,	0,	0,	1,	1,	-1,	
-2,	1,	0,	0,	-1,	-1,	1,	-1,	1,	0,	0,	-1,	0,	1,	0,	-1,	
1,	1,	1,	2,	0,	0,	0,	0,	1,	0,	0,	0,	1,	0,	-1,	1,	
0,	0,	0,	0,	0,	0,	0,	0,	1,	0,	0,	1,	-1,	0,	1,	0,	
1,	0,	0,	1,	0,	1,	2,	0,	-1,	1,	0,	0,	0,	-1,	-1,	-1
Min:	-3	Max:	2	Average:	-0.083
END_UUT
BEGIN_UUT
TimeStamp = 2021-06-15T10:58:58.5305042
ReportType = 18
Image:
PixelType = Signed16Bit
Dmax = 36
Smax = 16
-2,	-1,	-1,	0,	-1,	1,	0,	-1,	1,	0,	-1,	0,	1,	1,	1,	1,	
0,	0,	-1,	-1,	-1,	0,	0,	1,	0,	-1,	0,	0,	1,	0,	1,	-1,	
1,	-1,	-1,	-1,	-1,	1,	0,	0,	0,	0,	1,	0,	1,	0,	-1,	1,	
0,	1,	2,	0,	0,	1,	0,	1,	0,	0,	0,	0,	0,	1,	0,	0,	
-2,	-2,	-1,	-1,	2,	0,	0,	0,	1,	1,	1,	0,	-1,	0,	1,	0,	
-1,	0,	0,	-1,	-1,	1,	0,	0,	0,	1,	0,	0,	-1,	-1,	0,	0,	
0,	-1,	1,	-1,	-1,	-1,	-1,	-1,	0,	-1,	-2,	-1,	1,	0,	1,	0,	
0,	-1,	-1,	0,	0,	-2,	-1,	-1,	0,	0,	0,	2,	0,	0,	0,	-1,	
0,	-1,	-1,	1,	-1,	-1,	-1,	0,	0,	0,	0,	0,	-1,	0,	0,	0,	
0,	0,	0,	0,	-1,	-1,	-1,	-1,	0,	-1,	0,	2,	-2,	1,	0,	0,	
1,	-2,	0,	-1,	1,	0,	0,	0,	0,	0,	0,	0,	0,	0,	1,	1,	
-2,	-2,	-1,	0,	0,	0,	0,	0,	1,	1,	0,	0,	-1,	1,	0,	1,	
-1,	-1,	-1,	-1,	-2,	0,	0,	0,	-1,	-1,	-1,	0,	-1,	0,	-1,	0,	
-1,	-1,	-1,	-1,	-1,	1,	0,	0,	1,	1,	0,	0,	0,	1,	2,	-1,	
-2,	-1,	-1,	-1,	-2,	0,	0,	-1,	0,	0,	0,	1,	-1,	0,	0,	-1,	
-1,	-1,	0,	0,	-1,	-1,	-1,	0,	1,	-1,	0,	-1,	0,	0,	0,	1,	
-2,	-1,	-1,	-2,	2,	-1,	0,	0,	1,	1,	-1,	0,	0,	-1,	-1,	1,	
-2,	0,	-1,	0,	-1,	-1,	-1,	0,	-1,	-1,	0,	0,	0,	1,	-1,	0,	
-1,	1,	0,	-1,	-2,	0,	0,	-1,	-1,	-1,	0,	0,	0,	1,	0,	0,	
1,	-1,	-1,	-2,	-2,	0,	-1,	0,	1,	0,	-1,	-1,	1,	0,	1,	0,	
-1,	0,	0,	-2,	-1,	-1,	-2,	-1,	0,	0,	0,	0,	-1,	0,	0,	1,	
0,	0,	-2,	-1,	-1,	0,	-1,	0,	1,	2,	-2,	-1,	0,	0,	0,	-1,	
0,	-3,	-1,	-1,	0,	-1,	0,	0,	0,	0,	0,	0,	-1,	0,	-1,	0,	
0,	0,	0,	-1,	0,	-1,	-1,	1,	0,	1,	-1,	-1,	0,	0,	0,	-1,	
2,	1,	-2,	0,	0,	1,	-1,	-1,	-1,	0,	1,	-1,	1,	1,	-1,	0,	
0,	-1,	0,	0,	-1,	1,	0,	-1,	0,	1,	-1,	0,	0,	0,	0,	0,	
0,	1,	-1,	0,	-1,	0,	1,	1,	-1,	1,	-1,	1,	1,	1,	1,	1,	
1,	1,	0,	1,	-1,	1,	0,	0,	-1,	0,	2,	0,	-2,	-1,	0,	-1,	
0,	-1,	0,	-1,	0,	0,	0,	0,	1,	1,	0,	1,	1,	1,	0,	-1,	
0,	0,	0,	-1,	1,	-1,	0,	1,	0,	1,	1,	0,	0,	-1,	1,	1,	
1,	0,	-2,	0,	0,	0,	-1,	0,	0,	0,	0,	0,	0,	1,	0,	1,	
-1,	1,	0,	0,	0,	0,	1,	0,	1,	1,	1,	-1,	-1,	1,	1,	-1,	
-1,	1,	-1,	1,	1,	-1,	-1,	0,	2,	1,	0,	0,	0,	1,	-1,	-1,	
0,	-1,	0,	0,	0,	0,	0,	1,	1,	1,	0,	0,	0,	0,	0,	1,	
0,	0,	-1,	1,	0,	-1,	1,	-1,	2,	0,	1,	0,	0,	1,	0,	0,	
1,	0,	-1,	0,	1,	2,	1,	0,	-1,	1,	1,	0,	0,	-1,	-1,	0
Min:	-3	Max:	2	Average:	-0.132
END_UUT
BEGIN_UUT
TimeStamp = 2021-06-15T10:58:58.5763831
ReportType = 18
Image:
PixelType = Signed16Bit
Dmax = 36
Smax = 16
-1,	-1,	-1,	0,	0,	2,	0,	0,	0,	-1,	0,	1,	1,	1,	1,	1,	
1,	1,	0,	0,	-1,	-1,	0,	1,	0,	0,	0,	1,	1,	0,	1,	0,	
0,	-1,	-1,	-1,	-1,	1,	-2,	0,	1,	0,	2,	0,	2,	-1,	0,	1,	
1,	1,	2,	-1,	1,	0,	-1,	1,	0,	0,	-1,	0,	0,	1,	0,	0,	
-2,	-1,	-1,	0,	1,	1,	0,	-1,	1,	1,	2,	-1,	-1,	0,	0,	0,	
0,	0,	0,	0,	0,	0,	0,	0,	1,	1,	0,	0,	-1,	-2,	0,	0,	
-1,	0,	2,	-1,	-1,	-1,	-2,	0,	1,	0,	0,	-1,	1,	0,	1,	-1,	
0,	-1,	0,	0,	0,	-2,	-2,	0,	1,	0,	0,	1,	0,	0,	2,	0,	
1,	-1,	-1,	1,	0,	-1,	0,	0,	1,	1,	0,	-1,	0,	-1,	0,	0,	
0,	0,	0,	0,	0,	-1,	0,	-1,	0,	0,	2,	0,	-2,	2,	0,	0,	
1,	-2,	0,	0,	1,	0,	1,	0,	0,	0,	0,	0,	1,	0,	1,	1,	
0,	-1,	0,	1,	0,	0,	0,	0,	1,	2,	1,	-1,	-1,	0,	0,	1,	
1,	-1,	-1,	-2,	-2,	-1,	0,	0,	-1,	0,	-1,	0,	0,	1,	0,	1,	
-1,	0,	-1,	-2,	-2,	0,	-1,	0,	0,	0,	0,	0,	0,	0,	3,	-1,	
-3,	-1,	-1,	-1,	-2,	0,	0,	0,	-1,	-1,	1,	1,	0,	-1,	-1,	0,	
0,	-1,	0,	-1,	-1,	-1,	-1,	-1,	1,	-1,	0,	1,	-1,	2,	1,	1,	
-2,	-1,	-2,	-1,	0,	-1,	0,	0,	0,	0,	0,	1,	0,	0,	-1,	2,	
-1,	-1,	-2,	-1,	0,	0,	-2,	0,	0,	0,	0,	0,	0,	0,	0,	0,	
-1,	2,	2,	-1,	-1,	0,	1,	0,	-1,	0,	0,	0,	0,	0,	-1,	0,	
1,	0,	-1,	0,	0,	0,	-1,	0,	1,	-1,	-1,	0,	0,	-1,	0,	-2,	
-1,	0,	-1,	0,	0,	0,	-1,	1,	1,	1,	-2,	-1,	-1,	-1,	-1,	1,	
1,	1,	1,	2,	1,	1,	1,	0,	1,	2,	0,	-1,	-1,	0,	0,	-1,	
0,	-2,	0,	-1,	0,	0,	0,	1,	0,	0,	-1,	-1,	-1,	0,	-1,	0,	
0,	1,	0,	-1,	1,	0,	0,	2,	0,	1,	-1,	-1,	-1,	0,	1,	-1,	
1,	1,	-1,	1,	0,	1,	-1,	-1,	0,	0,	1,	0,	0,	1,	-1,	0,	
0,	0,	1,	-1,	-1,	1,	1,	0,	1,	0,	0,	-1,	-1,	0,	0,	0,	
0,	0,	0,	0,	-1,	0,	1,	1,	0,	0,	0,	0,	0,	-1,	0,	1,	
0,	1,	0,	1,	0,	0,	0,	1,	0,	0,	1,	0,	-3,	-1,	-2,	0,	
1,	0,	-1,	-1,	0,	-1,	0,	1,	1,	1,	0,	1,	1,	0,	-1,	0,	
0,	1,	1,	-2,	1,	0,	1,	1,	0,	0,	1,	0,	1,	0,	0,	1,	
0,	0,	-2,	0,	0,	-1,	-2,	-1,	-1,	1,	1,	0,	0,	0,	-1,	0,	
-1,	0,	-1,	-1,	-1,	0,	0,	0,	1,	0,	0,	1,	0,	1,	1,	0,	
-1,	-1,	0,	0,	-1,	-1,	-1,	0,	1,	1,	0,	0,	0,	0,	0,	-1,	
0,	0,	-1,	0,	0,	1,	0,	0,	0,	0,	0,	0,	1,	1,	-1,	0,	
0,	-1,	-2,	0,	0,	-1,	1,	0,	1,	1,	0,	0,	-1,	0,	1,	0,	
1,	1,	-1,	0,	1,	1,	1,	-1,	-1,	1,	1,	0,	0,	-1,	-1,	0
Min:	-3	Max:	3	Average:	-0.052
END_UUT
BEGIN_UUT
TimeStamp = 2021-06-15T10:58:58.6232541
ReportType = 18
Image:
PixelType = Signed16Bit
Dmax = 36
Smax = 16
-1,	0,	0,	0,	0,	1,	1,	0,	0,	-1,	0,	1,	0,	1,	1,	0,	
0,	0,	0,	0,	-1,	-1,	1,	1,	0,	-1,	-1,	0,	1,	-1,	1,	-1,	
0,	-2,	-1,	-1,	-1,	1,	0,	0,	0,	-1,	1,	0,	0,	-1,	-1,	0,	
0,	1,	1,	0,	1,	-1,	0,	0,	0,	0,	0,	-1,	0,	1,	0,	0,	
-1,	-1,	0,	-1,	1,	2,	-1,	0,	0,	0,	1,	0,	0,	-1,	1,	0,	
0,	0,	-1,	-1,	-1,	1,	0,	0,	-1,	1,	0,	-2,	-2,	-1,	0,	-1,	
0,	1,	2,	-1,	1,	-1,	-1,	0,	-1,	-1,	-1,	-1,	1,	1,	1,	0,	
1,	-1,	1,	0,	0,	-1,	-2,	-1,	0,	0,	0,	0,	0,	0,	1,	-1,	
0,	-1,	0,	2,	0,	-1,	0,	-1,	-1,	0,	0,	0,	-1,	0,	1,	0,	
0,	0,	0,	1,	0,	-1,	0,	-2,	0,	-1,	1,	0,	-2,	1,	0,	0,	
0,	-1,	1,	0,	1,	0,	1,	0,	0,	1,	0,	0,	0,	-1,	0,	0,	
-1,	-1,	0,	0,	0,	1,	0,	0,	1,	1,	0,	-1,	-2,	0,	-1,	1,	
-1,	-1,	-2,	-1,	-2,	0,	0,	-1,	-2,	-1,	-1,	0,	0,	0,	0,	0,	
0,	-1,	-1,	-1,	-1,	0,	0,	-1,	1,	0,	-1,	0,	0,	0,	1,	-1,	
-2,	-1,	-1,	0,	-1,	0,	1,	0,	-1,	1,	0,	2,	0,	0,	1,	-1,	
0,	-1,	-1,	0,	-1,	-1,	-1,	-1,	1,	-2,	0,	-1,	-1,	2,	2,	0,	
-2,	0,	-2,	-1,	1,	-1,	0,	-1,	0,	0,	-1,	1,	0,	-1,	-1,	1,	
-1,	0,	-2,	-1,	-1,	-1,	-1,	0,	0,	1,	0,	1,	0,	0,	0,	1,	
0,	2,	1,	0,	-1,	0,	0,	0,	0,	0,	0,	0,	0,	0,	0,	0,	
1,	0,	0,	-1,	-1,	0,	0,	0,	1,	-1,	-1,	0,	1,	0,	0,	0,	
0,	0,	0,	1,	1,	-1,	0,	0,	1,	1,	-1,	1,	-1,	-1,	1,	0,	
1,	0,	0,	0,	-1,	0,	0,	0,	1,	2,	-1,	1,	0,	1,	0,	0,	
0,	-1,	1,	-1,	1,	0,	1,	1,	0,	0,	0,	0,	0,	0,	0,	1,	
0,	1,	0,	-1,	0,	0,	0,	1,	1,	1,	0,	1,	0,	1,	2,	0,	
1,	1,	-1,	0,	0,	0,	-1,	-1,	-1,	-1,	0,	-1,	0,	2,	0,	0,	
0,	0,	1,	-1,	0,	1,	1,	-1,	0,	0,	-1,	-1,	0,	1,	0,	0,	
0,	0,	0,	-1,	-1,	0,	1,	-1,	0,	0,	-1,	0,	0,	0,	1,	0,	
1,	1,	0,	0,	-1,	1,	0,	1,	0,	0,	0,	-1,	-2,	1,	-1,	0,	
1,	0,	0,	0,	0,	-2,	0,	1,	0,	0,	0,	1,	1,	0,	1,	-1,	
1,	1,	0,	-1,	0,	-1,	1,	0,	-1,	1,	1,	0,	0,	0,	1,	1,	
1,	0,	-1,	0,	0,	0,	-1,	0,	0,	0,	0,	0,	-1,	0,	-1,	1,	
1,	0,	-1,	-2,	-1,	0,	0,	-1,	1,	2,	1,	1,	-1,	0,	0,	-1,	
-1,	0,	0,	1,	0,	-1,	1,	0,	2,	2,	1,	-1,	0,	1,	0,	-1,	
0,	0,	-1,	0,	0,	1,	1,	0,	1,	0,	1,	0,	1,	0,	-1,	0,	
0,	0,	-1,	0,	0,	0,	1,	-1,	2,	1,	1,	0,	-1,	1,	0,	0,	
0,	1,	0,	1,	1,	1,	0,	-1,	1,	2,	2,	0,	0,	-2,	0,	0
Min:	-2	Max:	2	Average:	-0.038
END_UUT
BEGIN_UUT
TimeStamp = 2021-06-15T10:58:58.6711290
ReportType = 18
Image:
PixelType = Signed16Bit
Dmax = 36
Smax = 16
-1,	-1,	-1,	0,	0,	1,	0,	-1,	1,	-1,	0,	0,	1,	1,	2,	1,	
-1,	0,	-1,	-1,	-1,	0,	0,	1,	0,	-1,	0,	0,	1,	0,	1,	-1,	
0,	-1,	-1,	-1,	-1,	1,	0,	1,	-1,	-1,	1,	0,	0,	0,	0,	0,	
0,	0,	0,	-1,	1,	0,	0,	1,	0,	1,	0,	0,	-1,	1,	0,	0,	
0,	-1,	-1,	0,	1,	2,	0,	0,	0,	0,	0,	-1,	0,	-1,	0,	0,	
-1,	1,	-1,	-1,	0,	2,	0,	0,	0,	1,	0,	-1,	-2,	-1,	0,	-1,	
0,	0,	2,	-1,	0,	-2,	-2,	-1,	0,	-1,	-1,	-1,	0,	0,	0,	-1,	
-1,	-2,	1,	0,	0,	-2,	-1,	-1,	0,	0,	0,	1,	0,	-1,	1,	-1,	
0,	-1,	-1,	0,	-1,	-3,	-1,	-1,	-1,	0,	1,	-2,	-1,	0,	-1,	0,	
0,	0,	0,	0,	1,	-1,	0,	-1,	1,	0,	1,	0,	-2,	1,	0,	0,	
0,	-1,	0,	-1,	0,	0,	0,	-1,	-1,	1,	0,	0,	0,	-1,	0,	0,	
-1,	-1,	0,	0,	0,	0,	-1,	0,	0,	1,	0,	-1,	-2,	0,	-1,	0,	
-2,	-2,	-1,	-1,	-2,	0,	0,	1,	-1,	1,	0,	1,	0,	1,	0,	1,	
0,	0,	-1,	0,	-1,	0,	0,	0,	2,	1,	1,	1,	0,	2,	1,	-1,	
-2,	-1,	-1,	-2,	-2,	0,	1,	0,	-1,	0,	1,	1,	0,	0,	0,	-1,	
-1,	0,	-1,	0,	-1,	-1,	0,	0,	1,	-1,	1,	0,	-1,	1,	1,	0,	
-2,	-1,	-1,	-2,	1,	0,	0,	0,	0,	1,	0,	0,	0,	0,	0,	1,	
-1,	-1,	-1,	-1,	0,	1,	-1,	0,	0,	0,	1,	0,	1,	-1,	0,	0,	
-1,	1,	1,	-1,	-1,	-1,	-1,	-1,	0,	-1,	1,	0,	1,	1,	-1,	1,	
2,	0,	0,	0,	-1,	0,	-1,	0,	1,	0,	0,	0,	1,	1,	1,	0,	
-1,	0,	0,	0,	0,	-1,	0,	0,	0,	1,	0,	1,	-1,	0,	-1,	0,	
1,	1,	2,	1,	1,	0,	0,	0,	1,	2,	-1,	0,	0,	1,	1,	-1,	
1,	-2,	0,	-1,	0,	1,	1,	1,	0,	0,	0,	1,	0,	1,	0,	1,	
0,	1,	0,	-1,	1,	0,	0,	0,	0,	1,	-1,	1,	0,	0,	1,	0,	
1,	0,	-1,	1,	1,	0,	-1,	-1,	0,	1,	1,	0,	0,	1,	0,	0,	
0,	1,	1,	-1,	0,	1,	1,	-1,	2,	1,	0,	0,	0,	0,	1,	0,	
1,	0,	0,	1,	-1,	-1,	1,	0,	-1,	2,	0,	0,	0,	0,	1,	1,	
1,	2,	0,	1,	-1,	1,	1,	1,	0,	0,	1,	-1,	-3,	0,	0,	-1,	
1,	0,	0,	0,	0,	0,	1,	1,	0,	1,	1,	2,	0,	1,	0,	0,	
1,	2,	1,	0,	1,	0,	1,	2,	0,	1,	1,	0,	0,	0,	1,	1,	
0,	0,	-1,	0,	1,	0,	0,	-1,	0,	1,	0,	0,	0,	0,	-1,	0,	
1,	1,	0,	-1,	0,	-1,	1,	0,	1,	1,	1,	1,	0,	0,	0,	-1,	
0,	0,	0,	1,	1,	0,	0,	0,	2,	0,	0,	-1,	0,	-1,	0,	0,	
0,	0,	0,	1,	0,	0,	0,	1,	1,	1,	0,	0,	2,	1,	0,	1,	
0,	-1,	0,	1,	0,	0,	0,	0,	1,	0,	1,	1,	0,	0,	0,	0,	
0,	1,	0,	1,	1,	1,	1,	0,	0,	0,	1,	1,	0,	-3,	0,	-1
Min:	-3	Max:	2	Average:	0.023
END_UUT
BEGIN_UUT
TimeStamp = 2021-06-15T10:58:58.7180034
ReportType = 18
Image:
PixelType = Signed16Bit
Dmax = 36
Smax = 16
-1,	0,	-1,	0,	0,	1,	0,	-1,	1,	0,	0,	0,	0,	1,	1,	1,	
0,	1,	0,	1,	0,	0,	-1,	1,	0,	0,	0,	1,	1,	0,	0,	0,	
0,	0,	-1,	-1,	-1,	0,	0,	0,	0,	0,	1,	0,	0,	-1,	-1,	1,	
0,	0,	2,	0,	1,	-1,	-1,	1,	1,	0,	1,	-1,	-1,	1,	0,	0,	
-1,	-2,	0,	0,	1,	1,	0,	-1,	1,	0,	0,	0,	0,	0,	1,	0,	
-1,	1,	0,	-1,	0,	1,	1,	0,	0,	1,	1,	0,	-2,	-1,	1,	0,	
0,	0,	0,	0,	-1,	-1,	-2,	0,	1,	0,	0,	0,	-1,	0,	0,	0,	
0,	-1,	1,	0,	0,	-2,	-2,	-1,	2,	1,	1,	1,	1,	0,	0,	-1,	
1,	-1,	0,	1,	0,	-2,	0,	0,	0,	0,	1,	-2,	-1,	0,	0,	1,	
1,	0,	0,	0,	0,	-1,	-1,	-2,	1,	0,	1,	-1,	-1,	1,	0,	0,	
1,	-1,	1,	0,	1,	0,	0,	-1,	1,	0,	1,	0,	-1,	-1,	0,	1,	
0,	-1,	-1,	0,	-1,	-1,	-1,	0,	2,	2,	1,	-1,	-2,	0,	-1,	0,	
-1,	-1,	-1,	-1,	-2,	0,	0,	0,	-1,	-1,	0,	0,	0,	1,	0,	1,	
0,	1,	-1,	-1,	0,	0,	-1,	0,	1,	1,	-1,	0,	0,	1,	2,	0,	
-2,	-1,	-1,	0,	-2,	0,	1,	0,	-1,	0,	0,	1,	-1,	0,	1,	0,	
-1,	0,	-1,	1,	0,	-1,	-1,	-1,	2,	-2,	0,	-1,	-1,	2,	2,	1,	
-1,	-1,	-1,	0,	1,	-1,	-1,	0,	1,	0,	0,	0,	0,	0,	0,	2,	
0,	1,	-1,	-1,	0,	0,	-1,	0,	0,	1,	0,	0,	1,	0,	0,	0,	
-1,	1,	0,	-1,	-1,	1,	1,	-1,	0,	0,	0,	-1,	0,	0,	0,	1,	
1,	0,	0,	0,	-2,	0,	0,	0,	1,	0,	0,	0,	0,	-1,	0,	-1,	
-1,	0,	0,	0,	0,	0,	0,	0,	0,	0,	0,	-1,	-1,	-1,	0,	0,	
1,	0,	0,	0,	1,	1,	1,	0,	2,	1,	0,	0,	-2,	0,	0,	0,	
0,	-1,	1,	-1,	0,	1,	1,	1,	1,	0,	0,	0,	-1,	0,	-1,	1,	
0,	1,	0,	-1,	1,	0,	-1,	1,	1,	2,	1,	-2,	0,	0,	2,	0,	
1,	-1,	-2,	0,	0,	0,	-2,	-1,	0,	0,	1,	0,	0,	1,	-1,	2,	
-1,	0,	1,	-1,	-1,	0,	-1,	-1,	0,	1,	0,	0,	0,	0,	-1,	-1,	
0,	0,	-1,	0,	-1,	0,	-1,	0,	0,	2,	0,	0,	0,	0,	0,	0,	
0,	1,	-1,	0,	-1,	0,	0,	0,	1,	1,	0,	-1,	-2,	1,	-1,	-1,	
0,	-1,	-1,	-1,	1,	-2,	0,	0,	1,	0,	0,	1,	1,	0,	-2,	-1,	
0,	0,	0,	-2,	0,	-1,	0,	1,	0,	0,	0,	-1,	0,	-1,	0,	0,	
1,	1,	-1,	0,	0,	1,	-1,	0,	0,	0,	0,	1,	0,	1,	0,	0,	
-1,	0,	0,	-1,	-1,	0,	0,	0,	0,	1,	1,	1,	-1,	0,	0,	-1,	
-1,	0,	-1,	2,	0,	0,	0,	1,	1,	1,	0,	0,	-1,	0,	-1,	0,	
1,	0,	1,	0,	1,	0,	0,	1,	0,	0,	0,	0,	1,	1,	-1,	1,	
-1,	0,	-1,	1,	0,	1,	1,	-1,	2,	0,	0,	0,	-1,	0,	0,	-1,	
0,	1,	0,	0,	1,	2,	1,	0,	-1,	1,	1,	0,	0,	-1,	-1,	0
Min:	-2	Max:	2	Average:	-0.028
END_UUT