x
-1 1
1 -2 11
2 -1 17
3 -1 26
4 0 31
5 -1 30
6 1 36
7 0 119
8 -1 130
9 0 125
10 -1 151
11 -1 150
12 -1 101
13 0 38
14 0 22
15 1 27
16 0 61
17 -1 16
18 0 27
19 -1 27
20 -1 24
21 -1 19
22 -1 21
23 -1 64
24 0 143
25 0 143
26 -1 151
27 -1 155
28 -1 141
29 0 107
30 -1 78
31 0 60
32 -1 87
33 0 27
34 -2 25
35 -1 19
36 -2 15
37 -1 14
38 0 15
39 -2 28
40 0 96
41 -1 147
42 -1 150
43 0 156
44 -1 150
45 0 150
46 -1 146
47 -1 89
48 -1 61
49 0 25
50 0 17
51 0 12
52 -1 11
53 0 11
54 -1 13
55 -1 15
56 0 28
57 -1 90
58 0 142
59 -1 144
60 -1 144
61 -2 152
62 0 147
63 -1 103
64 0 21
65 -2 17
66 -3 13
67 -1 13
68 -1 9
69 1 9
70 0 9
71 -1 11
72 -1 13
73 0 29
74 0 109
75 0 148
76 -1 144
77 -1 149
78 -1 145
79 0 126
80 0 62
81 -1 13
82 0 9
83 -1 8
84 -1 6
85 -1 8
86 0 8
87 -1 9
88 0 11
89 -1 18
90 0 52
91 0 137
92 -2 141
93 -2 147
94 -2 144
95 -1 137
96 -1 81
97 -1 12
98 -1 8
99 0 7
100 -1 7
101 -1 8
102 -2 7
103 -2 8
104 -1 10
105 -1 14
106 -1 25
107 -2 69
108 -1 136
109 -1 147
110 0 139
111 -1 137
112 -1 84
113 -1 11
114 -2 9
115 -1 8
116 -1 9
117 -1 8
118 -2 8
119 -2 9
120 -2 9
121 -1 14
122 0 23
123 0 52
124 0 123
125 0 145
126 -1 143
127 -1 141
128 -2 79
129 -1 12
130 -2 10
131 -1 9
132 0 9
133 -1 9
134 -3 10
135 -1 9
136 -1 10
137 -1 12
138 0 26
139 0 103
140 -2 136
141 -1 146
142 -1 149
143 -1 146
144 -1 89
145 0 31
146 -1 22
147 -1 16
148 0 15
149 -1 15
150 -2 15
151 -1 16
152 -2 17
153 0 14
154 -1 25
155 0 105
156 -1 140
157 -3 146
158 0 153
159 -1 149
160 -1 114
